[gd_scene format=3 uid="uid://c6oheyitbnlpu"]

[ext_resource type="Script" uid="uid://bdais0l7n3ei1" path="res://assets/polygon_modular_fantasy_heroes/char_visual.gd" id="1_jigrv"]
[ext_resource type="ArrayMesh" uid="uid://dije2xjkoot05" path="res://data/characters/people/meshes/body/hair/Chr_Hair_05.res" id="2_scytm"]
[ext_resource type="Script" uid="uid://bpc78snhxhw1t" path="res://engine/objects/characters/modular_body_part_simple.gd" id="3_scytm"]
[ext_resource type="ArrayMesh" uid="uid://y2hw5sylvj7k" path="res://data/characters/people/meshes/gear/back_attachment/Chr_BackAttachment_11.res" id="4_6oe0c"]
[ext_resource type="ArrayMesh" uid="uid://gam81uyscytk" path="res://data/characters/people/meshes/gear/shoulder_attachment_right/Chr_ShoulderAttachRight_03.res" id="5_w4wwp"]
[ext_resource type="ArrayMesh" uid="uid://h3aietprmjid" path="res://data/characters/people/meshes/gear/shoulder_attachment_left/Chr_ShoulderAttachLeft_11.res" id="6_6oe0c"]
[ext_resource type="ArrayMesh" uid="uid://t05rwjea00au" path="res://data/characters/people/meshes/gear/elbow_attachment_right/Chr_ElbowAttachRight_06.res" id="7_scytm"]
[ext_resource type="ArrayMesh" uid="uid://hs413m7cq5q6" path="res://data/characters/people/meshes/gear/elbow_attachment_left/Chr_ElbowAttachLeft_02.res" id="8_qnvxh"]
[ext_resource type="ArrayMesh" uid="uid://bdrmaf3g5ugxr" path="res://data/characters/people/meshes/gear/hips_attachment/Chr_HipsAttachment_07.res" id="9_e1rvy"]
[ext_resource type="ArrayMesh" uid="uid://drvky2wke0vpb" path="res://data/characters/people/meshes/gear/knee_attachment_right/Chr_KneeAttachRight_09.res" id="10_qlyqs"]
[ext_resource type="ArrayMesh" uid="uid://dm8cyese57f0x" path="res://data/characters/people/meshes/gear/knee_attachment_left/Chr_KneeAttachLeft_10.res" id="11_xp80y"]
[ext_resource type="ArrayMesh" uid="uid://b3c2s8x174hmi" path="res://data/characters/people/meshes/body/male/eyebrows/Chr_Eyebrow_Male_06.res" id="12_vlwxu"]
[ext_resource type="Script" uid="uid://c6nl3p3rcjph7" path="res://engine/objects/characters/modular_body_part_gendered.gd" id="13_scytm"]
[ext_resource type="ArrayMesh" uid="uid://etbsylw2rpek" path="res://data/characters/people/meshes/body/male/facial_hair/Chr_FacialHair_Male_10.res" id="14_h4jcq"]
[ext_resource type="ArrayMesh" uid="uid://gbh6rtyulgy" path="res://data/characters/people/meshes/gear/male/torso/Chr_Torso_Male_25.res" id="15_lqru0"]
[ext_resource type="ArrayMesh" uid="uid://bjbl8j8awpnd1" path="res://data/characters/people/meshes/gear/male/arm_upper_right/Chr_ArmUpperRight_Male_16.res" id="16_4u5s7"]
[ext_resource type="ArrayMesh" uid="uid://bwdpbevj1c378" path="res://data/characters/people/meshes/gear/male/arm_upper_left/Chr_ArmUpperLeft_Male_02.res" id="17_3v2ll"]
[ext_resource type="ArrayMesh" uid="uid://bc04tt7uralef" path="res://data/characters/people/meshes/gear/male/arm_lower_right/Chr_ArmLowerRight_Male_03.res" id="18_vyb0w"]
[ext_resource type="ArrayMesh" uid="uid://b5kigp80xdjhc" path="res://data/characters/people/meshes/gear/male/arm_lower_left/Chr_ArmLowerLeft_Male_10.res" id="19_lfppy"]
[ext_resource type="ArrayMesh" uid="uid://cx7owyhsrm5qu" path="res://data/characters/people/meshes/gear/male/hand_right/Chr_HandRight_Male_11.res" id="20_nnam1"]
[ext_resource type="ArrayMesh" uid="uid://bf2wy6xmc4m6n" path="res://data/characters/people/meshes/gear/male/hand_left/Chr_HandLeft_Male_16.res" id="21_3p0y5"]
[ext_resource type="ArrayMesh" uid="uid://c6v0xedj2cd53" path="res://data/characters/people/meshes/gear/male/hips/Chr_Hips_Male_06.res" id="22_sfkbw"]
[ext_resource type="ArrayMesh" uid="uid://bs467wmtfdaj7" path="res://data/characters/people/meshes/gear/male/leg_left/Chr_LegLeft_Male_15.res" id="23_d32xa"]
[ext_resource type="ArrayMesh" uid="uid://cr1beos6i51o2" path="res://data/characters/people/meshes/gear/male/leg_left/Chr_LegLeft_Male_16.res" id="24_yqx1j"]
[ext_resource type="ArrayMesh" uid="uid://cytgndop282na" path="res://data/characters/people/meshes/gear/head_coverings_base_hair/Chr_HeadCoverings_Base_Hair_07.res" id="25_mluuy"]
[ext_resource type="ArrayMesh" uid="uid://b5jpdwag24cjg" path="res://data/characters/people/meshes/gear/helmet_attachment/Chr_HelmetAttachment_09.res" id="26_u6iy8"]
[ext_resource type="ArrayMesh" uid="uid://k4domd7j6mi8" path="res://data/characters/people/meshes/body/ears/Chr_Ear_Ear_01.res" id="27_y2evg"]
[ext_resource type="ArrayMesh" uid="uid://dfm2scgkug6i0" path="res://data/characters/people/meshes/body/male/head/Chr_Head_Male_10.res" id="28_dbkht"]
[ext_resource type="ArrayMesh" uid="uid://bqffbjyslco73" path="res://data/characters/people/meshes/gear/male/head/Chr_Head_No_Elements_Male_09.res" id="29_u6iy8"]

[sub_resource type="Skin" id="Skin_qunii"]
resource_name = "Skin8"
bind_count = 7
bind/0/name = &"Spine_03"
bind/0/bone = -1
bind/0/pose = Transform3D(6.105544e-17, 0.997111, 0.0759622, -5.6581013e-17, 0.0759622, -0.997111, -1, 5.6581e-17, 6.105542e-17, -1.3311008, -0.13416325, -7.367981e-17)
bind/1/name = &"Neck"
bind/1/bone = -1
bind/1/pose = Transform3D(6.045487e-17, 0.987303, 0.158851, -5.150555e-17, 0.158851, -0.987303, -1, 5.1505526e-17, 6.0454846e-17, -1.4267756, -0.2540326, -7.3171385e-17)
bind/2/name = &"Head"
bind/2/bone = -1
bind/2/pose = Transform3D(1, 0, 0, 0, 1, 0, 0, 0, 1, 0, -1.5691123, 0.00483958)
bind/3/name = &"Eyes"
bind/3/bone = -1
bind/3/pose = Transform3D(1, 0, 0, 0, 1, 0, 0, 0, 1, 0, -1.6635884, -0.11788256)
bind/4/name = &"Eyebrows"
bind/4/bone = -1
bind/4/pose = Transform3D(1, 0, 0, 0, 1, 0, 0, 0, 1, 0, -1.6967815, -0.11788256)
bind/5/name = &"Head_Attachment"
bind/5/bone = -1
bind/5/pose = Transform3D(1, 0, 0, 0, 1, 0, 0, 0, 1, 0, -1.7845478, -0.00569244)
bind/6/name = &"Shoulder_Attachment_R"
bind/6/bone = -1
bind/6/pose = Transform3D(1, 0, 0, 0, 1, 0, 0, 0, 1, 0.190989, -1.4510298, 0.0484224)

[sub_resource type="Skin" id="Skin_rcfm2"]
resource_name = "Skin12"
bind_count = 12
bind/0/name = &"Spine_03"
bind/0/bone = -1
bind/0/pose = Transform3D(6.105544e-17, 0.997111, 0.0759622, -5.6581013e-17, 0.0759622, -0.997111, -1, 5.6581e-17, 6.105542e-17, -1.3311008, -0.13416325, -7.367981e-17)
bind/1/name = &"Neck"
bind/1/bone = -1
bind/1/pose = Transform3D(6.045487e-17, 0.987303, 0.158851, -5.150555e-17, 0.158851, -0.987303, -1, 5.1505526e-17, 6.0454846e-17, -1.4267756, -0.2540326, -7.3171385e-17)
bind/2/name = &"Head"
bind/2/bone = -1
bind/2/pose = Transform3D(1, 0, 0, 0, 1, 0, 0, 0, 1, 0, -1.5691123, 0.00483958)
bind/3/name = &"Eyes"
bind/3/bone = -1
bind/3/pose = Transform3D(1, 0, 0, 0, 1, 0, 0, 0, 1, 0, -1.6635884, -0.11788256)
bind/4/name = &"Eyebrows"
bind/4/bone = -1
bind/4/pose = Transform3D(1, 0, 0, 0, 1, 0, 0, 0, 1, 0, -1.6967815, -0.11788256)
bind/5/name = &"Head_Attachment"
bind/5/bone = -1
bind/5/pose = Transform3D(1, 0, 0, 0, 1, 0, 0, 0, 1, 0, -1.7845478, -0.00569244)
bind/6/name = &"Clavicle_L"
bind/6/bone = -1
bind/6/pose = Transform3D(0.8828524, -0.012983402, -0.4694713, 0.011463394, 0.999916, -0.006095851, 0.469511, 1.5735133e-09, 0.882927, -0.041317545, -1.3927602, -0.046918124)
bind/7/name = &"Shoulder_L"
bind/7/bone = -1
bind/7/pose = Transform3D(0.996542, -0.08250205, -0.00988054, 0.082498, 0.996591, -0.0008179528, 0.0099143395, -5.224172e-10, 0.999951, -0.07609689, -1.4014487, 0.04652652)
bind/8/name = &"Clavicle_R"
bind/8/bone = -1
bind/8/pose = Transform3D(0.8828524, 0.012983402, 0.4694713, 0.011463394, -0.999916, 0.006095851, 0.469511, -1.5735134e-09, -0.882927, 0.041317463, 1.3927639, 0.046918083)
bind/9/name = &"Shoulder_R"
bind/9/bone = -1
bind/9/pose = Transform3D(0.996542, 0.08250205, 0.00988054, 0.082498, -0.996591, 0.0008179528, 0.0099143395, 5.224173e-10, -0.999951, 0.076096885, 1.4014459, -0.04652649)
bind/10/name = &"Shoulder_Attachment_R"
bind/10/bone = -1
bind/10/pose = Transform3D(1, 0, 0, 0, 1, 0, 0, 0, 1, 0.190989, -1.4510298, 0.0484224)
bind/11/name = &"Back_Attachment"
bind/11/bone = -1
bind/11/pose = Transform3D(1, 0, 0, 0, 1, 0, 0, 0, 1, 0, -1.4921659, 0.14936832)

[sub_resource type="Skin" id="Skin_gow2m"]
resource_name = "Skin7"
bind_count = 4
bind/0/name = &"Head"
bind/0/bone = -1
bind/0/pose = Transform3D(1, 0, 0, 0, 1, 0, 0, 0, 1, 0, -1.5691123, 0.00483958)
bind/1/name = &"Eyes"
bind/1/bone = -1
bind/1/pose = Transform3D(1, 0, 0, 0, 1, 0, 0, 0, 1, 0, -1.6635884, -0.11788256)
bind/2/name = &"Eyebrows"
bind/2/bone = -1
bind/2/pose = Transform3D(1, 0, 0, 0, 1, 0, 0, 0, 1, 0, -1.6967815, -0.11788256)
bind/3/name = &"Head_Attachment"
bind/3/bone = -1
bind/3/pose = Transform3D(1, 0, 0, 0, 1, 0, 0, 0, 1, 0, -1.7845478, -0.00569244)

[sub_resource type="Skin" id="Skin_q0xn1"]
resource_name = "Skin6"
bind_count = 5
bind/0/name = &"Head"
bind/0/bone = -1
bind/0/pose = Transform3D(1, 0, 0, 0, 1, 0, 0, 0, 1, 0, -1.5691123, 0.00483958)
bind/1/name = &"Eyes"
bind/1/bone = -1
bind/1/pose = Transform3D(1, 0, 0, 0, 1, 0, 0, 0, 1, 0, -1.6635884, -0.11788256)
bind/2/name = &"Eyebrows"
bind/2/bone = -1
bind/2/pose = Transform3D(1, 0, 0, 0, 1, 0, 0, 0, 1, 0, -1.6967815, -0.11788256)
bind/3/name = &"Head_Attachment"
bind/3/bone = -1
bind/3/pose = Transform3D(1, 0, 0, 0, 1, 0, 0, 0, 1, 0, -1.7845478, -0.00569244)
bind/4/name = &"Shoulder_Attachment_R"
bind/4/bone = -1
bind/4/pose = Transform3D(1, 0, 0, 0, 1, 0, 0, 0, 1, 0.190989, -1.4510298, 0.0484224)

[sub_resource type="Skin" id="Skin_ymc4t"]
resource_name = "Skin13"
bind_count = 8
bind/0/name = &"Spine_03"
bind/0/bone = -1
bind/0/pose = Transform3D(6.105544e-17, 0.997111, 0.0759622, -5.6581013e-17, 0.0759622, -0.997111, -1, 5.6581e-17, 6.105542e-17, -1.3311008, -0.13416325, -7.367981e-17)
bind/1/name = &"Neck"
bind/1/bone = -1
bind/1/pose = Transform3D(6.045487e-17, 0.987303, 0.158851, -5.150555e-17, 0.158851, -0.987303, -1, 5.1505526e-17, 6.0454846e-17, -1.4267756, -0.2540326, -7.3171385e-17)
bind/2/name = &"Head"
bind/2/bone = -1
bind/2/pose = Transform3D(1, 0, 0, 0, 1, 0, 0, 0, 1, 0, -1.5691123, 0.00483958)
bind/3/name = &"Eyes"
bind/3/bone = -1
bind/3/pose = Transform3D(1, 0, 0, 0, 1, 0, 0, 0, 1, 0, -1.6635884, -0.11788256)
bind/4/name = &"Eyebrows"
bind/4/bone = -1
bind/4/pose = Transform3D(1, 0, 0, 0, 1, 0, 0, 0, 1, 0, -1.6967815, -0.11788256)
bind/5/name = &"Head_Attachment"
bind/5/bone = -1
bind/5/pose = Transform3D(1, 0, 0, 0, 1, 0, 0, 0, 1, 0, -1.7845478, -0.00569244)
bind/6/name = &"Clavicle_L"
bind/6/bone = -1
bind/6/pose = Transform3D(0.8828524, -0.012983402, -0.4694713, 0.011463394, 0.999916, -0.006095851, 0.469511, 1.5735133e-09, 0.882927, -0.041317545, -1.3927602, -0.046918124)
bind/7/name = &"Shoulder_Attachment_R"
bind/7/bone = -1
bind/7/pose = Transform3D(1, 0, 0, 0, 1, 0, 0, 0, 1, 0.190989, -1.4510298, 0.0484224)

[sub_resource type="Skin" id="Skin_xgiro"]
resource_name = "Skin14"
bind_count = 6
bind/0/name = &"Spine_03"
bind/0/bone = -1
bind/0/pose = Transform3D(6.105544e-17, 0.997111, 0.0759622, -5.6581013e-17, 0.0759622, -0.997111, -1, 5.6581e-17, 6.105542e-17, -1.3311008, -0.13416325, -7.367981e-17)
bind/1/name = &"Neck"
bind/1/bone = -1
bind/1/pose = Transform3D(6.045487e-17, 0.987303, 0.158851, -5.150555e-17, 0.158851, -0.987303, -1, 5.1505526e-17, 6.0454846e-17, -1.4267756, -0.2540326, -7.3171385e-17)
bind/2/name = &"Head"
bind/2/bone = -1
bind/2/pose = Transform3D(1, 0, 0, 0, 1, 0, 0, 0, 1, 0, -1.5691123, 0.00483958)
bind/3/name = &"Eyes"
bind/3/bone = -1
bind/3/pose = Transform3D(1, 0, 0, 0, 1, 0, 0, 0, 1, 0, -1.6635884, -0.11788256)
bind/4/name = &"Eyebrows"
bind/4/bone = -1
bind/4/pose = Transform3D(1, 0, 0, 0, 1, 0, 0, 0, 1, 0, -1.6967815, -0.11788256)
bind/5/name = &"Head_Attachment"
bind/5/bone = -1
bind/5/pose = Transform3D(1, 0, 0, 0, 1, 0, 0, 0, 1, 0, -1.7845478, -0.00569244)

[sub_resource type="Skin" id="Skin_1n2bs"]
resource_name = "Skin15"
bind_count = 11
bind/0/name = &"Spine_03"
bind/0/bone = -1
bind/0/pose = Transform3D(6.105544e-17, 0.997111, 0.0759622, -5.6581013e-17, 0.0759622, -0.997111, -1, 5.6581e-17, 6.105542e-17, -1.3311008, -0.13416325, -7.367981e-17)
bind/1/name = &"Neck"
bind/1/bone = -1
bind/1/pose = Transform3D(6.045487e-17, 0.987303, 0.158851, -5.150555e-17, 0.158851, -0.987303, -1, 5.1505526e-17, 6.0454846e-17, -1.4267756, -0.2540326, -7.3171385e-17)
bind/2/name = &"Head"
bind/2/bone = -1
bind/2/pose = Transform3D(1, 0, 0, 0, 1, 0, 0, 0, 1, 0, -1.5691123, 0.00483958)
bind/3/name = &"Eyes"
bind/3/bone = -1
bind/3/pose = Transform3D(1, 0, 0, 0, 1, 0, 0, 0, 1, 0, -1.6635884, -0.11788256)
bind/4/name = &"Eyebrows"
bind/4/bone = -1
bind/4/pose = Transform3D(1, 0, 0, 0, 1, 0, 0, 0, 1, 0, -1.6967815, -0.11788256)
bind/5/name = &"Head_Attachment"
bind/5/bone = -1
bind/5/pose = Transform3D(1, 0, 0, 0, 1, 0, 0, 0, 1, 0, -1.7845478, -0.00569244)
bind/6/name = &"Clavicle_L"
bind/6/bone = -1
bind/6/pose = Transform3D(0.8828524, -0.012983402, -0.4694713, 0.011463394, 0.999916, -0.006095851, 0.469511, 1.5735133e-09, 0.882927, -0.041317545, -1.3927602, -0.046918124)
bind/7/name = &"Shoulder_L"
bind/7/bone = -1
bind/7/pose = Transform3D(0.996542, -0.08250205, -0.00988054, 0.082498, 0.996591, -0.0008179528, 0.0099143395, -5.224172e-10, 0.999951, -0.07609689, -1.4014487, 0.04652652)
bind/8/name = &"Clavicle_R"
bind/8/bone = -1
bind/8/pose = Transform3D(0.8828524, 0.012983402, 0.4694713, 0.011463394, -0.999916, 0.006095851, 0.469511, -1.5735134e-09, -0.882927, 0.041317463, 1.3927639, 0.046918083)
bind/9/name = &"Shoulder_R"
bind/9/bone = -1
bind/9/pose = Transform3D(0.996542, 0.08250205, 0.00988054, 0.082498, -0.996591, 0.0008179528, 0.0099143395, 5.224173e-10, -0.999951, 0.076096885, 1.4014459, -0.04652649)
bind/10/name = &"Shoulder_Attachment_R"
bind/10/bone = -1
bind/10/pose = Transform3D(1, 0, 0, 0, 1, 0, 0, 0, 1, 0.190989, -1.4510298, 0.0484224)

[sub_resource type="Skin" id="Skin_yg58n"]
resource_name = "Skin16"
bind_count = 10
bind/0/name = &"Spine_03"
bind/0/bone = -1
bind/0/pose = Transform3D(6.105544e-17, 0.997111, 0.0759622, -5.6581013e-17, 0.0759622, -0.997111, -1, 5.6581e-17, 6.105542e-17, -1.3311008, -0.13416325, -7.367981e-17)
bind/1/name = &"Neck"
bind/1/bone = -1
bind/1/pose = Transform3D(6.045487e-17, 0.987303, 0.158851, -5.150555e-17, 0.158851, -0.987303, -1, 5.1505526e-17, 6.0454846e-17, -1.4267756, -0.2540326, -7.3171385e-17)
bind/2/name = &"Head"
bind/2/bone = -1
bind/2/pose = Transform3D(1, 0, 0, 0, 1, 0, 0, 0, 1, 0, -1.5691123, 0.00483958)
bind/3/name = &"Eyes"
bind/3/bone = -1
bind/3/pose = Transform3D(1, 0, 0, 0, 1, 0, 0, 0, 1, 0, -1.6635884, -0.11788256)
bind/4/name = &"Eyebrows"
bind/4/bone = -1
bind/4/pose = Transform3D(1, 0, 0, 0, 1, 0, 0, 0, 1, 0, -1.6967815, -0.11788256)
bind/5/name = &"Head_Attachment"
bind/5/bone = -1
bind/5/pose = Transform3D(1, 0, 0, 0, 1, 0, 0, 0, 1, 0, -1.7845478, -0.00569244)
bind/6/name = &"Clavicle_L"
bind/6/bone = -1
bind/6/pose = Transform3D(0.8828524, -0.012983402, -0.4694713, 0.011463394, 0.999916, -0.006095851, 0.469511, 1.5735133e-09, 0.882927, -0.041317545, -1.3927602, -0.046918124)
bind/7/name = &"Clavicle_R"
bind/7/bone = -1
bind/7/pose = Transform3D(0.8828524, 0.012983402, 0.4694713, 0.011463394, -0.999916, 0.006095851, 0.469511, -1.5735134e-09, -0.882927, 0.041317463, 1.3927639, 0.046918083)
bind/8/name = &"Shoulder_R"
bind/8/bone = -1
bind/8/pose = Transform3D(0.996542, 0.08250205, 0.00988054, 0.082498, -0.996591, 0.0008179528, 0.0099143395, 5.224173e-10, -0.999951, 0.076096885, 1.4014459, -0.04652649)
bind/9/name = &"Shoulder_Attachment_R"
bind/9/bone = -1
bind/9/pose = Transform3D(1, 0, 0, 0, 1, 0, 0, 0, 1, 0.190989, -1.4510298, 0.0484224)

[sub_resource type="Skin" id="Skin_r1pnr"]
resource_name = "Skin"
bind_count = 12
bind/0/name = &"Spine_03"
bind/0/bone = -1
bind/0/pose = Transform3D(6.105544e-17, 0.997111, 0.0759622, -5.6581013e-17, 0.0759622, -0.997111, -1, 5.6581e-17, 6.105542e-17, -1.3311008, -0.13416325, -7.367981e-17)
bind/1/name = &"Neck"
bind/1/bone = -1
bind/1/pose = Transform3D(6.045487e-17, 0.987303, 0.158851, -5.150555e-17, 0.158851, -0.987303, -1, 5.1505526e-17, 6.0454846e-17, -1.4267756, -0.2540326, -7.3171385e-17)
bind/2/name = &"Head"
bind/2/bone = -1
bind/2/pose = Transform3D(1, 0, 0, 0, 1, 0, 0, 0, 1, 0, -1.5691123, 0.00483958)
bind/3/name = &"Eyes"
bind/3/bone = -1
bind/3/pose = Transform3D(1, 0, 0, 0, 1, 0, 0, 0, 1, 0, -1.6635884, -0.11788256)
bind/4/name = &"Eyebrows"
bind/4/bone = -1
bind/4/pose = Transform3D(1, 0, 0, 0, 1, 0, 0, 0, 1, 0, -1.6967815, -0.11788256)
bind/5/name = &"Head_Attachment"
bind/5/bone = -1
bind/5/pose = Transform3D(1, 0, 0, 0, 1, 0, 0, 0, 1, 0, -1.7845478, -0.00569244)
bind/6/name = &"Clavicle_L"
bind/6/bone = -1
bind/6/pose = Transform3D(0.8828524, -0.012983402, -0.4694713, 0.011463394, 0.999916, -0.006095851, 0.469511, 1.5735133e-09, 0.882927, -0.041317545, -1.3927602, -0.046918124)
bind/7/name = &"Shoulder_L"
bind/7/bone = -1
bind/7/pose = Transform3D(0.996542, -0.08250205, -0.00988054, 0.082498, 0.996591, -0.0008179528, 0.0099143395, -5.224172e-10, 0.999951, -0.07609689, -1.4014487, 0.04652652)
bind/8/name = &"Clavicle_R"
bind/8/bone = -1
bind/8/pose = Transform3D(0.8828524, 0.012983402, 0.4694713, 0.011463394, -0.999916, 0.006095851, 0.469511, -1.5735134e-09, -0.882927, 0.041317463, 1.3927639, 0.046918083)
bind/9/name = &"Shoulder_R"
bind/9/bone = -1
bind/9/pose = Transform3D(0.996542, 0.08250205, 0.00988054, 0.082498, -0.996591, 0.0008179528, 0.0099143395, 5.224173e-10, -0.999951, 0.076096885, 1.4014459, -0.04652649)
bind/10/name = &"Shoulder_Attachment_R"
bind/10/bone = -1
bind/10/pose = Transform3D(1, 0, 0, 0, 1, 0, 0, 0, 1, 0.190989, -1.4510298, 0.0484224)
bind/11/name = &"Chest_Attachment"
bind/11/bone = -1
bind/11/pose = Transform3D(1, 0, 0, 0, 1, 0, 0, 0, 1, 0, -1.3217465, -0.11690786)

[sub_resource type="Animation" id="Animation_1f2jc"]
resource_name = "Take 001"
length = 4.9666667
tracks/0/type = "rotation_3d"
tracks/0/imported = true
tracks/0/enabled = true
tracks/0/path = NodePath("Skeleton3D:Spine_01")
tracks/0/interp = 1
tracks/0/loop_wrap = true
tracks/0/keys = PackedFloat32Array(1.7384688e-09, 1, 0.9950197, 0.09967895, -1.2767565e-15, 2.7755576e-17, 0.96666664, 1, 0.9950197, 0.09967895, -1.2767565e-15, 2.7755576e-17, 0.99999994, 1, 0.99444336, 0.10527275, -6.492559e-05, 7.6005695e-06, 1.0333334, 1, 0.9927265, 0.120391354, -0.0002405865, 2.8164462e-05, 1.0666667, 1, 0.9897912, 0.14252414, -0.0004982296, 5.8325666e-05, 1.1, 1, 0.98558986, 0.16915065, -0.00080895424, 9.470092e-05, 1.1333333, 1, 0.9802497, 0.19776055, -0.0011437752, 0.00013389702, 1.1666667, 1, 0.97415435, 0.22587843, -0.0014738127, 0.00017253314, 1.2, 1, 0.96796316, 0.251086, -0.0017705264, 0.00020726817, 1.2333333, 1, 0.96256864, 0.27103052, -0.0020058607, 0.00023481777, 1.2666667, 1, 0.95899653, 0.28340957, -0.0021521843, 0.00025194726, 1.3000001, 1, 0.9582491, 0.2859264, -0.0021819582, 0.00025543277, 1.3333334, 1, 0.95927423, 0.2824683, -0.002141051, 0.00025064396, 1.3666667, 1, 0.96043676, 0.2784902, -0.0020940118, 0.0002451373, 1.4, 1, 0.9617245, 0.2740104, -0.0020410651, 0.00023893903, 1.4333334, 1, 0.96312493, 0.2690472, -0.0019824356, 0.00023207552, 1.4666667, 1, 0.964625, 0.26361886, -0.0019183478, 0.00022457301, 1.5, 1, 0.96621156, 0.2577437, -0.0018490269, 0.00021645789, 1.5333334, 1, 0.96787125, 0.25143996, -0.0017746987, 0.00020775662, 1.5666667, 1, 0.9695907, 0.24472615, -0.0016955904, 0.00019849573, 1.6, 1, 0.97135663, 0.23762079, -0.0016119304, 0.00018870202, 1.6333333, 1, 0.97315574, 0.23014255, -0.0015239489, 0.00017840238, 1.6666667, 1, 0.9749749, 0.22231033, -0.0014318775, 0.00016762396, 1.7, 1, 0.97680134, 0.21414319, -0.0013359501, 0.00015639413, 1.7333333, 1, 0.9786226, 0.20566039, -0.0012364023, 0.0001447405, 1.7666667, 1, 0.9804266, 0.19688144, -0.0011334722, 0.00013269088, 1.8000001, 1, 0.98220176, 0.18782608, -0.0010273998, 0.000120273435, 1.8333334, 1, 0.9839369, 0.17851426, -0.00091842725, 0.00010751647, 1.8666667, 1, 0.9856215, 0.1689662, -0.00080679887, 9.4448595e-05, 1.9, 1, 0.98724574, 0.15920235, -0.000692761, 8.109865e-05, 1.9333334, 1, 0.98880035, 0.1492434, -0.0005765618, 6.74957e-05, 1.9666667, 1, 0.9902768, 0.13911024, -0.0004584513, 5.366899e-05, 2, 1, 0.9916674, 0.12882401, -0.00033868107, 3.9647988e-05, 2.0666666, 1, 0.99416417, 0.10787783, -9.517456e-05, 1.1141691e-05, 2.3, 1, 0.99945736, 0.032930516, 0.0007719238, -9.036592e-05, 2.3666668, 1, 0.9999301, 0.011778484, 0.0010154658, -0.00011887636, 2.4, 1, 0.99999845, 0.0013570051, 0.001135268, -0.00013290111, 2.4333334, 1, 0.9999593, -0.00893196, 0.0012534243, -0.00014673317, 2.4666667, 1, 0.99981725, -0.019066393, 0.0013696868, -0.00016034355, 2.5, 1, 0.9995776, -0.029024381, 0.0014838099, -0.00017370346, 2.5333333, 1, 0.9992463, -0.038784128, 0.0015955502, -0.00018678444, 2.5666666, 1, 0.99883026, -0.04832397, 0.0017046665, -0.00019955824, 2.6000001, 1, 0.9983368, -0.0576224, 0.0018109205, -0.00021199694, 2.6333334, 1, 0.997774, -0.06665806, 0.0019140759, -0.00022407292)
tracks/1/type = "rotation_3d"
tracks/1/imported = true
tracks/1/enabled = true
tracks/1/path = NodePath("Skeleton3D:UpperLeg_R")
tracks/1/interp = 1
tracks/1/loop_wrap = true
tracks/1/keys = PackedFloat32Array(1.7384688e-09, 1, 0.04177525, -0.7058717, 0.70419, -0.064159356, 0.033333335, 1, 0.029316518, -0.70780504, 0.70334095, -0.058856774, 0.06666667, 1, 0.0158787, -0.709634, 0.7023948, -0.053000122, 0.10000001, 1, 0.0015600261, -0.71135384, 0.7012831, -0.04663995, 0.13333334, 1, -0.013539484, -0.71296, 0.69994175, -0.039827473, 0.16666667, 1, -0.029317778, -0.7144488, 0.698312, -0.032614492, 0.2, 1, -0.045670692, -0.7158177, 0.6963416, -0.02505326, 0.23333335, 1, -0.06249202, -0.7170652, 0.69398594, -0.01719639, 0.26666668, 1, -0.079673745, -0.71819174, 0.691209, -0.009096733, 0.3, 1, -0.09710639, -0.7191993, 0.68798405, -0.00080726267, 0.46666667, 1, -0.18416487, -0.72266626, 0.6649083, 0.041637897, 0.5, 1, -0.20079026, -0.72311914, 0.6590038, 0.049959995, 0.5333333, 1, -0.21690674, -0.7235268, 0.6527512, 0.05810604, 0.56666666, 1, -0.23241428, -0.7239086, 0.6462047, 0.06602535, 0.59999996, 1, -0.2472167, -0.724286, 0.6394269, 0.073667705, 0.6333333, 1, -0.26122195, -0.72468215, 0.6324876, 0.08098333, 0.6666666, 1, -0.27434227, -0.7251218, 0.62546325, 0.087922804, 0.7, 1, -0.2864944, -0.72563124, 0.618435, 0.09443695, 0.7333333, 1, -0.29759935, -0.7262378, 0.61148816, 0.100476705, 0.76666665, 1, -0.3075821, -0.7269695, 0.6047099, 0.105992936, 0.79999995, 1, -0.31637147, -0.7278549, 0.59818846, 0.11093622, 0.8333333, 1, -0.32389918, -0.7289226, 0.59201103, 0.115256585, 0.8666666, 1, -0.3300995, -0.7302007, 0.5862621, 0.11890326, 0.9, 1, -0.3349082, -0.73171645, 0.58102185, 0.1218243, 0.9333333, 1, -0.33826187, -0.7334956, 0.576364, 0.12396629, 0.96666664, 1, -0.34009692, -0.73556197, 0.572354, 0.12527399, 0.99999994, 1, -0.34034866, -0.7379366, 0.5690469, 0.12568988, 1.0333334, 1, -0.33895048, -0.7406373, 0.56648517, 0.12515391, 1.0666667, 1, -0.33583313, -0.74367774, 0.56469625, 0.12360301, 1.1, 1, -0.3309241, -0.7470665, 0.5636905, 0.1209708, 1.1333333, 1, -0.3241474, -0.75080657, 0.56345814, 0.11718728, 1.1666667, 1, -0.31111, -0.7558433, 0.56552666, 0.10995945, 1.2, 1, -0.2882904, -0.7627876, 0.570587, 0.09733549, 1.2333333, 1, -0.2569168, -0.7710762, 0.57712877, 0.07973509, 1.2666667, 1, -0.21829095, -0.78010005, 0.583504, 0.05758492, 1.3000001, 1, -0.17385466, -0.7892445, 0.5881197, 0.031352293, 1.3333334, 1, -0.12521029, -0.7979252, 0.5896061, 0.0015689766, 1.3666667, 1, -0.07409158, -0.8056213, 0.5869531, -0.031156009, 1.4666667, 1, 0.07654605, -0.81909037, 0.5510906, -0.13975273, 1.5, 1, 0.12067642, -0.8197589, 0.53122723, -0.17672071, 1.5333334, 1, 0.15985833, -0.81854904, 0.5091243, -0.21263877, 1.5666667, 1, 0.19347331, -0.8156791, 0.4862141, -0.2466406, 1.6, 1, 0.22124693, -0.8114816, 0.464036, -0.2778813, 1.6333333, 1, 0.24317926, -0.80638033, 0.44413337, -0.30554894, 1.6666667, 1, 0.2594337, -0.8008594, 0.427976, -0.32886922, 1.7, 1, 0.2701925, -0.79542565, 0.41690975, -0.34710267, 1.7333333, 1, 0.27548775, -0.79056495, 0.41212595, -0.35953543, 1.7666667, 1, 0.27716705, -0.78618234, 0.41198397, -0.36791983, 1.8000001, 1, 0.27726576, -0.7819145, 0.4140633, -0.37454644, 1.8333334, 1, 0.27583933, -0.77778804, 0.41823888, -0.37951905, 1.8666667, 1, 0.2729043, -0.7738163, 0.42436802, -0.38294038, 1.9, 1, 0.2684475, -0.7700016, 0.43229172, -0.3849121, 1.9333334, 1, 0.26243463, -0.76633704, 0.4418354, -0.38553482, 1.9666667, 1, 0.2548191, -0.76280826, 0.45280957, -0.38490814, 2, 1, 0.24554966, -0.7593955, 0.46501037, -0.38313088, 2.0333333, 1, 0.23457839, -0.75607455, 0.47822076, -0.3803014, 2.0666666, 1, 0.22186752, -0.7528187, 0.49221244, -0.37651786, 2.1000001, 1, 0.20739588, -0.7495997, 0.50674814, -0.37187845, 2.1333334, 1, 0.19116452, -0.7463887, 0.5215853, -0.3664817, 2.1666667, 1, 0.17320125, -0.7431578, 0.53647983, -0.36042646, 2.2, 1, 0.15356424, -0.73988044, 0.5511913, -0.3538123, 2.2333333, 1, 0.13234445, -0.73653257, 0.5654878, -0.34673947, 2.2666667, 1, 0.10966671, -0.73309314, 0.5791521, -0.33930877, 2.3, 1, 0.08568958, -0.72954494, 0.59198695, -0.33162168, 2.3333333, 1, 0.06060404, -0.7258748, 0.6038207, -0.32378012, 2.4333334, 1, -0.018967604, -0.71407354, 0.6320828, -0.30035067, 2.4666667, 1, -0.046037666, -0.7098818, 0.63886666, -0.29291266, 2.5, 1, -0.07289485, -0.7055766, 0.644321, -0.2858294, 2.5333333, 1, -0.09923448, -0.70117474, 0.6485008, -0.279201, 2.5666666, 1, -0.124750234, -0.69669735, 0.6514998, -0.2731266, 2.6000001, 1, -0.1491385, -0.6921693, 0.6534476, -0.2677042, 2.6333334, 1, -0.172102, -0.6876184, 0.6545049, -0.26303083)
tracks/2/type = "rotation_3d"
tracks/2/imported = true
tracks/2/enabled = true
tracks/2/path = NodePath("Skeleton3D:UpperLeg_L")
tracks/2/interp = 1
tracks/2/loop_wrap = true
tracks/2/keys = PackedFloat32Array(1.7384688e-09, 1, 0.7058717, 0.04177525, -0.064159356, -0.70419, 0.033333335, 1, 0.7046851, 0.046743248, -0.077125646, -0.70376533, 0.06666667, 1, 0.70330447, 0.052311502, -0.09109319, -0.7030849, 0.10000001, 1, 0.701667, 0.058413796, -0.10595989, -0.7021565, 0.13333334, 1, 0.69971436, 0.06498378, -0.1216217, -0.70098865, 0.16666667, 1, 0.697394, 0.07195527, -0.13797243, -0.6995911, 0.2, 1, 0.6946602, 0.07926255, -0.15490378, -0.6979753, 0.23333335, 1, 0.6914753, 0.086840615, -0.17230558, -0.6961548, 0.26666668, 1, 0.68781054, 0.09462545, -0.19006597, -0.69414526, 0.3, 1, 0.683647, 0.10255424, -0.20807198, -0.691965, 0.46666667, 1, 0.6554196, 0.14226733, -0.29782587, -0.6793268, 0.5, 1, 0.6484596, 0.14983076, -0.31494564, -0.6766536, 0.5333333, 1, 0.64116704, 0.15714566, -0.33154112, -0.6740108, 0.56666666, 1, 0.63360703, 0.16416346, -0.34751347, -0.6714364, 0.59999996, 1, 0.62585336, 0.1708373, -0.36276835, -0.66897035, 0.6333333, 1, 0.6179874, 0.1771218, -0.37721616, -0.6666539, 0.6666666, 1, 0.61009705, 0.18297291, -0.39077228, -0.66452956, 0.7, 1, 0.60227555, 0.18834749, -0.40335694, -0.6626406, 0.7333333, 1, 0.59462, 0.193203, -0.41489506, -0.6610308, 0.76666665, 1, 0.5872299, 0.1974971, -0.42531592, -0.6597441, 0.79999995, 1, 0.5802058, 0.20118713, -0.43455252, -0.65882397, 0.8333333, 1, 0.5736474, 0.20422964, -0.44254097, -0.65831333, 0.8666666, 1, 0.5676519, 0.20657974, -0.44921947, -0.6582537, 0.9, 1, 0.5623124, 0.20819056, -0.45452738, -0.65868527, 0.9333333, 1, 0.5577159, 0.2090125, -0.45840415, -0.6596456, 0.96666664, 1, 0.5539412, 0.20899263, -0.46078813, -0.6611698, 0.99999994, 1, 0.55105704, 0.20807393, -0.46161526, -0.6632893, 1.0333334, 1, 0.5491199, 0.20619452, -0.46081808, -0.6660314, 1.0666667, 1, 0.54817164, 0.20328702, -0.45832455, -0.6694183, 1.1, 1, 0.548237, 0.19927774, -0.45405722, -0.6734661, 1.1333333, 1, 0.5493212, 0.19408605, -0.4479326, -0.6781838, 1.1666667, 1, 0.5535338, 0.18532614, -0.43556055, -0.68523103, 1.2, 1, 0.5620332, 0.17087951, -0.41334972, -0.6957449, 1.2333333, 1, 0.573139, 0.1510083, -0.38238233, -0.70886666, 1.2666667, 1, 0.58501536, 0.12596625, -0.34380084, -0.72366464, 1.3000001, 1, 0.5958638, 0.0960654, -0.29889897, -0.7391733, 1.3333334, 1, 0.6040956, 0.061727997, -0.24916291, -0.75443757, 1.3666667, 1, 0.6084752, 0.023521196, -0.19625713, -0.76856214, 1.4, 1, 0.6082261, -0.017827284, -0.14195938, -0.7807629, 1.4666667, 1, 0.59331286, -0.10627415, -0.03624121, -0.7971024, 1.5, 1, 0.57962936, -0.15122953, 0.012026294, -0.800634, 1.5333334, 1, 0.56313986, -0.19511843, 0.05557312, -0.80107045, 1.5666667, 1, 0.5452119, -0.23674743, 0.09356764, -0.7987113, 1.6, 1, 0.52735513, -0.27495053, 0.12550631, -0.7940698, 1.6333333, 1, 0.51110995, -0.3086196, 0.15115306, -0.78782827, 1.6666667, 1, 0.4979569, -0.3367206, 0.17043419, -0.7807755, 1.7, 1, 0.4892505, -0.35829452, 0.18329789, -0.77373177, 1.7333333, 1, 0.48616835, -0.37244463, 0.18954735, -0.7674615, 1.7666667, 1, 0.48727968, -0.38139114, 0.1913242, -0.7619018, 1.8000001, 1, 0.49040598, -0.38802868, 0.19111109, -0.75657934, 1.8333334, 1, 0.4954214, -0.39250678, 0.18897162, -0.7515223, 1.8666667, 1, 0.5021772, -0.39497453, 0.18493345, -0.74673474, 1.9, 1, 0.5105038, -0.3955804, 0.17899735, -0.74220073, 1.9333334, 1, 0.5202127, -0.3944721, 0.17114626, -0.7378885, 1.9666667, 1, 0.5310975, -0.39179665, 0.16135392, -0.7337546, 2, 1, 0.54293585, -0.38770092, 0.14959307, -0.72974694, 2.0333333, 1, 0.5554916, -0.38233164, 0.13584329, -0.7258086, 2.0666666, 1, 0.5685175, -0.3758356, 0.12009804, -0.72188085, 2.1000001, 1, 0.58175886, -0.36835977, 0.10237094, -0.7179052, 2.1333334, 1, 0.59495807, -0.36005107, 0.08270118, -0.7138268, 2.1666667, 1, 0.60785973, -0.3510561, 0.06115773, -0.70959556, 2.2, 1, 0.62021667, -0.34152073, 0.037842374, -0.70516866, 2.2333333, 1, 0.6317958, -0.33158934, 0.012891323, -0.7005115, 2.2666667, 1, 0.642385, -0.3214042, -0.013524533, -0.69559896, 2.3, 1, 0.65179914, -0.31110466, -0.041200805, -0.690416, 2.3333333, 1, 0.6598863, -0.30082613, -0.06990213, -0.684958, 2.4333334, 1, 0.6752651, -0.27139723, -0.15942347, -0.66704184, 2.4666667, 1, 0.677348, -0.26245368, -0.18940218, -0.66063946, 2.5, 1, 0.67798626, -0.25412527, -0.21892515, -0.6540846, 2.5333333, 1, 0.6772964, -0.24651097, -0.24767539, -0.64742476, 2.5666666, 1, 0.6754386, -0.23970291, -0.27534214, -0.6407121, 2.6000001, 1, 0.6726126, -0.23378694, -0.30162534, -0.6340017, 2.6333334, 1, 0.6690521, -0.22884327, -0.3262389, -0.6273501)
tracks/3/type = "rotation_3d"
tracks/3/imported = true
tracks/3/enabled = true
tracks/3/path = NodePath("Skeleton3D:Spine_02")
tracks/3/interp = 1
tracks/3/loop_wrap = true
tracks/3/keys = PackedFloat32Array(1.7384688e-09, 1, -0.99518615, -0.09800279, -5.2735594e-16, 3.8857806e-16, 0.96666664, 1, -0.99518615, -0.09800279, -5.2735594e-16, 3.8857806e-16, 0.99999994, 1, -0.9957215, -0.092404716, -4.2355554e-05, 3.3735282e-06, 1.0333334, 1, -0.99701226, -0.07724318, -0.00015695159, 1.2500855e-05, 1.0666667, 1, -0.99848825, -0.054964572, -0.00032503039, 2.5887966e-05, 1.1, 1, -0.9996069, -0.028030816, -0.00052773807, 4.2033196e-05, 1.1333333, 1, -0.99999917, 0.0010716888, -0.00074616546, 5.9430462e-05, 1.1666667, 1, -0.9995542, 0.02984032, -0.0009614723, 7.6579185e-05, 1.2, 1, -0.9984427, 0.055774238, -0.0011550395, 9.19964e-05, 1.2333333, 1, -0.99707705, 0.076391034, -0.0013085647, 0.000104224346, 1.2666667, 1, -0.99600995, 0.089231394, -0.001404022, 0.00011182731, 1.3000001, 1, -0.9957722, 0.091846175, -0.0014234456, 0.00011337436, 1.3333334, 1, -0.996097, 0.08825384, -0.0013967591, 0.00011124883, 1.3666667, 1, -0.9964543, 0.0841246, -0.001366072, 0.00010880468, 1.4, 1, -0.99683565, 0.07947884, -0.0013315312, 0.00010605358, 1.4333334, 1, -0.9972323, 0.07433695, -0.001293283, 0.00010300719, 1.4666667, 1, -0.99763525, 0.068719395, -0.0012514739, 9.967719e-05, 1.5, 1, -0.998035, 0.06264667, -0.001206251, 9.607528e-05, 1.5333334, 1, -0.99842227, 0.05613939, -0.0011577614, 9.2213195e-05, 1.5666667, 1, -0.9987874, 0.049218245, -0.0011061536, 8.810274e-05, 1.6, 1, -0.99912107, 0.041904047, -0.0010515762, 8.3755775e-05, 1.6333333, 1, -0.9994139, 0.034217738, -0.0009941796, 7.918426e-05, 1.6666667, 1, -0.9996568, 0.026180385, -0.00093411497, 7.440024e-05, 1.7, 1, -0.999841, 0.017813206, -0.0008715347, 6.941585e-05, 1.7333333, 1, -0.9999579, 0.009137551, -0.0008065927, 6.424336e-05, 1.7666667, 1, -0.9999997, 0.00017491747, -0.0007394441, 5.8895122e-05, 1.8000001, 1, -0.9999588, -0.0090530645, -0.00067024556, 5.3383606e-05, 1.8333334, 1, -0.9998282, -0.018524628, -0.0005991551, 4.7721405e-05, 1.8666667, 1, -0.99960166, -0.028217891, -0.000526332, 4.1921205e-05, 1.9, 1, -0.9992734, -0.038110852, -0.000451937, 3.5995803e-05, 1.9333334, 1, -0.99883854, -0.048181422, -0.00037613205, 2.9958102e-05, 1.9666667, 1, -0.9982928, -0.058407422, -0.00029908022, 2.382109e-05, 2, 1, -0.99763274, -0.068766624, -0.00022094561, 1.759784e-05, 2.0666666, 1, -0.99596024, -0.0897955, -6.20891e-05, 4.9452624e-06, 2.3333333, 1, -0.98460495, -0.17479332, 0.0005833938, -4.646605e-05, 2.3666668, 1, -0.98270905, -0.18515514, 0.00066246017, -5.2763517e-05, 2.4, 1, -0.98072594, -0.19538683, 0.00074061565, -5.8988433e-05, 2.4333334, 1, -0.9786636, -0.20546746, 0.0008176973, -6.5127824e-05, 2.4666667, 1, -0.97653073, -0.21537633, 0.0008935436, -7.116881e-05, 2.5, 1, -0.9743368, -0.22509298, 0.00096799416, -7.709864e-05, 2.5333333, 1, -0.9720921, -0.23459724, 0.0010408902, -8.2904655e-05, 2.5666666, 1, -0.9698075, -0.2438692, 0.0011120746, -8.8574336e-05, 2.6000001, 1, -0.9674945, -0.25288925, 0.0011813915, -9.409528e-05, 2.6333334, 1, -0.96516526, -0.261638, 0.0012486872, -9.9455225e-05)
tracks/4/type = "rotation_3d"
tracks/4/imported = true
tracks/4/enabled = true
tracks/4/path = NodePath("Skeleton3D:Spine_03")
tracks/4/interp = 1
tracks/4/loop_wrap = true
tracks/4/keys = PackedFloat32Array(1.7384688e-09, 1, -0.9938103, -0.11109032, 1.110223e-16, 6.938894e-16, 0.96666664, 1, -0.9938103, -0.11109032, 1.110223e-16, 6.938894e-16, 0.99999994, 1, -0.9931701, -0.11667542, -7.794199e-06, -0.00015330919, 1.0333334, 1, -0.9912803, -0.13176872, -2.888197e-05, -0.00056809833, 1.0666667, 1, -0.988092, -0.1538596, -5.981155e-05, -0.0011764724, 1.1, 1, -0.9835863, -0.18042798, -9.711348e-05, -0.0019101885, 1.1333333, 1, -0.97791916, -0.20896593, -0.00013730812, -0.002700803, 1.1666667, 1, -0.9715026, -0.23700336, -0.00017692853, -0.003480123, 1.2, 1, -0.9650234, -0.2621304, -0.00021254846, -0.0041807545, 1.2333333, 1, -0.9594011, -0.28200555, -0.0002407999, -0.0047364505, 1.2666667, 1, -0.9556875, -0.29433894, -0.0002583658, -0.0050819656, 1.3000001, 1, -0.95491135, -0.29684627, -0.0002619401, -0.0051522707, 1.3333334, 1, -0.955976, -0.2934012, -0.00025702926, -0.0050556767, 1.3666667, 1, -0.95718396, -0.28943792, -0.0002513823, -0.0049446025, 1.4, 1, -0.9585229, -0.2849746, -0.00024502614, -0.0048195794, 1.4333334, 1, -0.95998, -0.28002936, -0.00023798778, -0.004681137, 1.4666667, 1, -0.96154207, -0.27462026, -0.00023029416, -0.0045298063, 1.5, 1, -0.96319574, -0.2687655, -0.0002219723, -0.004366118, 1.5333334, 1, -0.96492743, -0.2624832, -0.00021304934, -0.0041906065, 1.5666667, 1, -0.9667236, -0.25579163, -0.00020355254, -0.004003808, 1.6, 1, -0.9685707, -0.2487092, -0.00019350932, -0.003806261, 1.6333333, 1, -0.9704552, -0.24125442, -0.00018294729, -0.0035985096, 1.6666667, 1, -0.9723639, -0.233446, -0.00017189428, -0.003381101, 1.7, 1, -0.97428364, -0.22530288, -0.00016037836, -0.0031545868, 1.7333333, 1, -0.97620183, -0.21684416, -0.00014842785, -0.0029195242, 1.7666667, 1, -0.9781062, -0.20808919, -0.00013607128, -0.0026764749, 1.8000001, 1, -0.97998476, -0.19905758, -0.00012333748, -0.0024260052, 1.8333334, 1, -0.98182636, -0.18976913, -0.00011025552, -0.0021686878, 1.8666667, 1, -0.9836201, -0.18024397, -9.685473e-05, -0.001905099, 1.9, 1, -0.9853559, -0.1705024, -8.316469e-05, -0.0016358207, 1.9333334, 1, -0.9870243, -0.16056499, -6.9215195e-05, -0.0013614389, 1.9666667, 1, -0.98861665, -0.15045254, -5.5036242e-05, -0.0010825437, 2, 1, -0.9901248, -0.1401861, -4.0658044e-05, -0.00079972966, 2.0666666, 1, -0.9928611, -0.11927634, -1.1425533e-05, -0.00022473627, 2.3, 1, -0.9990114, -0.044417467, 9.2668044e-05, 0.0018227483, 2.3666668, 1, -0.9997261, -0.02327865, 0.00012190481, 0.0023978255, 2.4, 1, -0.9999137, -0.012861787, 0.00013628685, 0.0026807152, 2.4333334, 1, -0.9999923, -0.0025761533, 0.0001504713, 0.0029597182, 2.4666667, 1, -0.9999662, 0.0075561902, 0.0001644284, 0.0032342498, 2.5, 1, -0.9998405, 0.017513275, 0.00017812867, 0.0035037291, 2.5333333, 1, -0.9996209, 0.027273245, 0.00019154289, 0.0037675821, 2.5666666, 1, -0.999314, 0.03681437, 0.00020464211, 0.0040252395, 2.6000001, 1, -0.99892694, 0.04611506, 0.0002173977, 0.0042761373, 2.6333334, 1, -0.9984676, 0.05515387, 0.00022978132, 0.0045197187)
tracks/5/type = "rotation_3d"
tracks/5/imported = true
tracks/5/enabled = true
tracks/5/path = NodePath("Skeleton3D:Ankle_R")
tracks/5/interp = 1
tracks/5/loop_wrap = true
tracks/5/keys = PackedFloat32Array(1.7384688e-09, 1, -0.85767007, 0.507213, 0.03975271, 0.074543595, 0.8666666, 1, -0.8011784, 0.59236133, 0.04767501, 0.07034428, 1.7333333, 1, -0.7362567, 0.6712769, 0.055095676, 0.06540479, 2.6000001, 1, -0.6635882, 0.7431294, 0.061936628, 0.059777122, 2.6333334, 1, -0.6606487, 0.7457413, 0.062187165, 0.05954771)
tracks/6/type = "rotation_3d"
tracks/6/imported = true
tracks/6/enabled = true
tracks/6/path = NodePath("Skeleton3D:Ankle_L")
tracks/6/interp = 1
tracks/6/loop_wrap = true
tracks/6/keys = PackedFloat32Array(1.7384688e-09, 1, -0.85767007, 0.507213, 0.03975271, 0.074543595, 0.8666666, 1, -0.8013143, 0.5925479, 0.045283403, 0.06878809, 1.7333333, 1, -0.73652726, 0.6716482, 0.050337635, 0.06230881, 2.6000001, 1, -0.66399074, 0.74368155, 0.054862224, 0.055173937, 2.6333334, 1, -0.6610562, 0.7463004, 0.055025004, 0.05488742)
tracks/7/type = "rotation_3d"
tracks/7/imported = true
tracks/7/enabled = true
tracks/7/path = NodePath("Skeleton3D:Neck")
tracks/7/interp = 1
tracks/7/loop_wrap = true
